Name      Parent    Mass        Radius    Colour      Eccentricity            Periapsis               Inclination             Longitude Ascending     Argument Periapsis      Time of Periapsis       Mean motion             Mean anomaly            True anomaly            Semi-major Axis         Apoapsis                Orbital period
Sol       None      1.9885e30   696342000 255,245,156 0e0,                    0e0,                    0e0,                    0e0,                    0e0,                    0e0,                    0e0,                    0e0,                    0e0,                    0e0,                    0e0,                    0e0,
Mercury   Sol       3.302e23    2440000   228,218,235 2.056363825182864E-01,  4.600084006082440E+07,  7.003685014078541E+00,  4.830463433763850E+01,  2.918661902527411E+01,  2.459243590114383E+06,  4.736514364184650E-05,  2.450454650503178E+02,  2.261218885400791E+02,  5.790904700124102E+07,  6.981725394165763E+07,  7.600525878738065E+06,
Venus     Sol       48.685e23   6051840   240,212,113 6.788676328948705E-03,  1.074734263562519E+08,  3.394539890725272E+00,  7.662280261186382E+01,  5.508081360274569E+01,  2.459153445904179E+06,  1.854341988448794E-05,  9.942006133585623E+01,  1.001864086458685E+02,  1.082080155500188E+08,  1.089426047437857E+08,  1.941389464524554E+07,
Earth     Sol       5.97219e24  6371010   107,155,250 1.593011437471795E-02,  1.470928122002639E+08,  2.865655588045652E-03,  2.081932569221451E+02,  2.543810642023471E+02,  2.459217539887325E+06,  1.142170233521145E-05,  3.579869676250315E+02,  3.579215442785928E+02,  1.494739493087938E+08,  1.518550864173236E+08,  3.151894432497792E+07,
Luna      Earth     7.349e22    1737530   230,230,230 3.752109909226673E-02,  3.671440005827228E+05,  5.244919734790717E+00,  7.962340298182825E+01,  1.363784072969759E+02,  2.459222302732644E+06,  1.516751513709541E-04,  2.708520044992769E+02,  2.665539132776443E+02,  3.814566742569234E+05,  3.957693479311240E+05,  2.373493593024626E+06,
Mars      Sol       6.4171e23   3389920   204,124,90  9.333148193309596E-02,  2.066614865024756E+08,  1.847921308947788E+00,  4.949399237077397E+01,  2.866400900889998E+02,  2.459064925052878E+06,  6.065435662060548E-06,  7.890934931318711E+01,  8.958308722520387E+01,  2.279349976142282E+08,  2.492085087259809E+08,  5.935270276656450E+07,
Phobos    Mars      1.08e16     11100     179,138,134 1.469243261128648E-02,  9.240076535125161E+03,  2.768872712064367E+01,  8.384857797404618E+01,  8.241052545560132E+01,  2.459215344572084E+06,  1.305668115675349E-02,  1.753378042728004E+02,  1.754721893655815E+02,  9.377860112871596E+03,  9.515643690618032E+03,  2.757209092249237E+04,
Deimos    Mars      1.80e15     6200      214,194,165 1.429946546326138E-04,  2.345479021469844E+04,  2.482836549159279E+01,  7.927919400669606E+01,  3.497180362855145E+02,  2.459216041033324E+06,  3.300258397285517E-03,  2.057284997370535E+02,  2.057213876095743E+02,  2.345814460398440E+04,  2.346149899327036E+04,  1.090823677006934E+05,
Ceres     Sol       3.3835e20   469630    220,220,220 7.819474317755487E-02,  3.814350349924357E+08,  1.058791683425763E+01,  8.027160009628567E+01,  7.372829824751567E+01,  2.459921417762834E+06,  2.479741150928084E-06,  2.087573766620953E+02,  2.047908015399484E+02,  4.137913427693832E+08,  4.461476505463307E+08,  1.451764430594960E+08,
Pallas    Sol       2.04e20     272500    220,220,220 2.297356500237852E-01,  3.196947058512131E+08,  3.485715697867877E+01,  1.729613596760541E+02,  3.102960669198412E+02,  2.460008925561219E+06,  2.468510505247389E-06,  1.907787456286786E+02,  1.869471070575276E+02,  4.150454397390779E+08,  5.103961736269428E+08,  1.458369325286390E+08,
Juno      Sol       2.86e19     135700    220,220,220 2.569874377419401E-01,  2.965584771298532E+08,  1.299149062928497E+01,  1.698531203888663E+02,  2.480302601323388E+02,  2.458445666206545E+06,  2.617623433956956E-06,  1.741076620992314E+02,  1.763943174060390E+02,  3.991298292839009E+08,  5.017011814379485E+08,  1.375293311214755E+08,
Vesta     Sol       2.59076e20  262700    220,220,220 8.842211514165950E-02,  3.221071539633654E+08,  7.141641723834746E+00,  1.038082572289806E+02,  1.509293836282639E+02,  2.459574116087635E+06,  3.142451361424044E-06,  2.626329358526083E+02,  2.527734384135721E+02,  3.533512158573493E+08,  3.845952777513333E+08,  1.145602456793034E+08,
Astraea   Sol       2.9e18      123000    220,220,220 1.907790635784707E-01,  3.115560561956483E+08,  5.367533983812713E+00,  1.415717398648266E+02,  3.586254509675472E+02,  2.458925646838431E+06,  2.762961405932038E-06,  6.919370773644410E+01,  9.097160549434903E+01,  3.850074091920878E+08,  4.584587621885274E+08,  1.302949795922177E+08,
Jupiter   Sol       1.89813e27  71492000  214,138,96  4.858596582175090E-02,  7.404510476060708E+08,  1.303879852699562E+00,  1.005232020185433E+02,  2.737226430825058E+02,  2.459967795622209E+06,  9.618236249090421E-07,  2.974830593164643E+02,  2.924082416412458E+02,  7.782637432352043E+08,  8.160764388643379E+08,  3.742889971475223E+08,
Io        Jupiter   893.3e20    1821300   201,183,62  4.204155292496716E-03,  4.197352969590369E+05,  2.256988413520767E+00,  3.373749554674438E+02,  1.561999637862521E+02,  2.459214779664567E+06,  2.356646268757882E-03,  1.466705500338142E+02,  1.469340962615741E+02,  4.215073794391323E+05,  4.232794619192278E+05,  1.527594551513857E+05,
Europa    Jupiter   479.7e20    1565000   157,203,204 9.792465741270870E-03,  6.644068011719369E+05,  2.568419764714378E+00,  3.306367988651405E+02,  3.456908661865725E+02,  2.459216572635979E+06,  1.173422968006380E-03,  2.512521479766092E+02,  2.501937769048268E+02,  6.709773236267212E+05,  6.775478460815054E+05,  3.067947447897940E+05,
Ganymede  Jupiter   1482e20     2634000   150,137,108 1.538207484453388E-03,  1.068517983756430E+06,  2.314135015416385E+00,  3.402322801784552E+02,  3.587572095377466E+02,  2.459217044848848E+06,  5.825140442574027E-04,  2.822489726101765E+02,  2.820766496830261E+02,  1.070164118212658E+06,  1.071810252668886E+06,  6.180108506378301E+05,
Callisto  Jupiter   1076e20     2403000   220,220,220 7.175970606560962E-03,  1.869278977671141E+06,  1.966417013128334E+00,  3.369147527779522E+02,  2.877043590498019E+01,  2.459218539179668E+06,  2.496279104625274E-04,  2.944514243493226E+02,  2.937001015311936E+02,  1.882789822092811E+06,  1.896300666514482E+06,  1.442146430393011E+06,
Saturn    Sol       5.6834e26   60268000  214,197,96  5.151592687307457E-02,  1.359757375229043E+09,  2.489698963648560E+00,  1.136089091792636E+02,  3.363161973591764E+02,  2.463525240149187E+06,  3.845859674542004E-07,  2.167949734774805E+02,  2.134347945521113E+02,  1.433611184156469E+09,  1.507464993083895E+09,  9.360715950793803E+08,
Mimas     Saturn    3.75e19     198800    220,220,220 1.865391782963689E-02,  1.830161789324783E+05,  2.946086804801966E+01,  1.709499034448719E+02,  2.110143916366429E+02,  2.459215719780730E+06,  4.382013021617731E-03,  2.767897133632712E+02,  2.746617458132542E+02,  1.864950421238920E+05,  1.899739053153058E+05,  8.215402332763879E+04,
Enceladus Saturn    10.805e19   252300    211,237,237 6.584679566709725E-03,  2.374249973350307E+05,  2.805508477080273E+01,  1.695229765064124E+02,  1.815683382674971E+02,  2.459215629936948E+06,  3.020515971982532E-03,  3.260900193813492E+02,  3.256661738389130E+02,  2.389987273716243E+05,  2.405724574082178E+05,  1.191849350704516E+05,
Tethys    Saturn    61.76e19    536300    220,220,220 1.608341963385529E-03,  2.948214716062941E+05,  2.719577832201851E+01,  1.709806514012081E+02,  2.464503142905658E+02,  2.459215652663910E+06,  2.199311202217466E-03,  3.309907294006513E+02,  3.309011943641000E+02,  2.952964092128683E+05,  2.957713468194424E+05,  1.636876125748045E+05,
Dione     Saturn    109.572e19  562500    220,220,220 2.364098043563104E-03,  3.759822848763508E+05,  2.807182453758115E+01,  1.694861378311904E+02,  1.215337146595556E+02,  2.459216455246030E+06,  1.525388324571574E-03,  2.341047333247541E+02,  2.338856554567570E+02,  3.768732501897957E+05,  3.777642155032407E+05,  2.360054775567467E+05,
Rhea      Saturn    230.9e19    764500    220,220,220 1.617457782743334E-03,  5.255242185991142E+05,  2.796631033409315E+01,  1.701928773576221E+02,  1.742826832681241E+02,  2.459213247663803E+06,  9.241199895766259E-04,  1.798354571725011E+02,  1.798359883798343E+02,  5.263756089244153E+05,  5.272269992497164E+05,  3.895598018228450E+05,
Titan     Saturn    13455.3e19  2575500   255,197,105 2.865236203625647E-02,  1.186621495862165E+06,  2.770171383092765E+01,  1.690648934701065E+02,  1.751900204026233E+02,  2.459207990474965E+06,  2.612848237242140E-04,  1.695275935192582E+02,  1.701040371242347E+02,  1.221623906297548E+06,  1.256626316732930E+06,  1.377806773729728E+06,
Iapetus   Saturn    180.59e19   734500    133,143,120 2.809812014401143E-02,  3.461001759168200E+06,  1.708141643810113E+01,  1.388425026018017E+02,  2.313614972025219E+02,  2.459194444209521E+06,  5.251743141950216E-05,  9.554077720537987E+01,  9.873305629125025E+01,  3.561060875487795E+06,  3.661119991807390E+06,  6.854866856003839E+06,
Uranus    Sol       86.813e24   25559000  173,233,255 4.516071829934080E-02,  2.743843275111824E+09,  7.699211577948469E-01,  7.411748122720668E+01,  9.737574661427273E+01,  2.470192938992264E+06,  1.355015906773958E-07,  2.314834175506296E+02,  2.275750295661931E+02,  2.873617924709569E+09,  3.003392574307314E+09,  2.656795379303653E+09,
Miranda   Uranus    0.659e20    234200    220,220,220 1.667782262167454E-03,  1.296108612225490E+05,  1.015172882857124E+02,  1.699245399912419E+02,  3.089809144439052E+02,  2.459215895073576E+06,  2.948375403210524E-03,  2.593591014114068E+02,  2.591713466877417E+02,  1.298273850324497E+05,  1.300439088423504E+05,  1.221011407190520E+05,
Ariel     Uranus    13.53e20    581100    220,220,220 6.878138468546478E-04,  1.907615583754385E+05,  9.769430900250205E+01,  1.676563656733083E+02,  1.982678794582358E+02,  2.459214515633775E+06,  1.653631852121180E-03,  1.406401352281326E+02,  1.406900873137814E+02,  1.908928571258353E+05,  1.910241558762321E+05,  2.177026280294575E+05,
Umbriel   Uranus    11.72e20    584700    220,220,220 4.476360025112131E-03,  2.647316779947681E+05,  9.770292834909507E+01,  1.676940191201545E+02,  4.384039139218634E+01,  2.459213542942386E+06,  1.005753749819707E-03,  1.700626781147867E+02,  1.701507134655137E+02,  2.659220407879475E+05,  2.671124035811269E+05,  3.579404999131589E+05,
Titania   Uranus    35.27e20    788900    220,220,220 1.635662178531914E-03,  4.354766916188261E+05,  9.777611357225099E+01,  1.676275185515843E+02,  2.199532276861881E+02,  2.459213503280464E+06,  4.787330736668621E-04,  8.258938682780024E+01,  8.277530303326623E+01,  4.361901513520408E+05,  4.369036110852554E+05,  7.519848111653858E+05,
Oberon    Uranus    30.14e20    761400    220,220,220 1.097792803148710E-03,  5.828440949162652E+05,  9.790975006089108E+01,  1.677197560687273E+02,  2.247913544197787E+02,  2.459214454900772E+06,  3.094321992658470E-04,  2.794066725764046E+01,  2.799968221776943E+01,  5.834846401549754E+05,  5.841251853936855E+05,  1.163421262732609E+06,
Neptune   Sol       1.02413e26  24766000  47,100,224  1.223101037326348E-02,  4.471049024720191E+09,  1.764373364422486E+00,  1.316270838301604E+02,  2.454541148667604E+02,  2.463690957383290E+06,  6.854228312450930E-08,  3.334961030045342E+02,  3.328619815759529E+02,  4.526411612101464E+09,  4.581774199482738E+09,  5.252232397132851E+09,
Proteus   Neptune   4.4e19      208000    255,193,181 6.336128481166919E-04,  1.175237491389405E+05,  2.905123224181151E+01,  4.876448739854495E+01,  2.973630697018681E+02,  2.459215046982068E+06,  3.714828828736191E-03,  1.454011839492510E+02,  1.454423851004721E+02,  1.175982609079680E+05,  1.176727726769954E+05,  9.690890660027378E+04,
Triton    Neptune   2.1390e22   1352600   219,211,237 1.808077485389360E-05,  3.546862775352560E+05,  1.292968400447793E+02,  2.213411857989083E+02,  1.874905740179364E+02,  2.459216065276696E+06,  7.089668205040497E-04,  3.253741267518734E+02,  3.253729494421295E+02,  3.546926906539380E+05,  3.546991037726201E+05,  5.077811677337073E+05,
Pluto     Sol       1.307e22    1188300   222,213,195 2.554011758516679E-01,  4.485129407272106E+09,  1.710863873263865E+01,  1.102995403248322E+02,  1.174191959793344E+02,  2.448329343686649E+06,  4.464774230861824E-08,  4.199405487636829E+01,  6.675321474747280E+01,  6.023551557984490E+09,  7.561973708696875E+09,  8.063117671473170E+09,
Charon    Pluto     1.52e21     605000    220,220,220 1.824986456703359E-04,  1.746168434699477E+04,  1.128957645875859E+02,  2.274022037094188E+02,  2.341228240896886E+02,  2.459214507757538E+06,  6.521742013913791E-04,  5.591073039306136E+01,  5.592805186672454E+01,  1.746487166241997E+04,  1.746805897784516E+04,  5.519997559424447E+05,
Spacecraft    Vessel    100         100   4.548379670435681E+08, -6.117386649905193E+08, -7.666341935853094E+06,  2.107818012148225E+01,  6.738415501247430E+00, -1.826177706377803E-01  255,255,255
